######################################################################
## PARAM_CARD AUTOMATICALY GENERATED BY MG5                       ####
######################################################################
##                                                                  ##
##  Width set on Auto will be computed following the information    ##
##        present in the decay.py files of the model.               ##
##        See  arXiv:1402.1178 for more details.                    ##
##                                                                  ##
######################################################################

###################################
## INFORMATION FOR EFFBLOCK
###################################
BLOCK EFFBLOCK # 
      1 1.000000e+00 # ssie
      2 1.000000e+10 # fsie
      3 1.000000e+00 # vsie
      4 1.000000e+10 # fsde
      5 1.000000e+00 # vsde
###################################
## INFORMATION FOR MASS
###################################
BLOCK MASS # 
      1 5.040000e-03 # md
      2 2.550000e-03 # mu
      3 1.010000e-01 # ms
      4 1.270000e+00 # mc
      5 4.700000e+00 # mb
      6 1.720000e+02 # mt
      15 1.777000e+00 # mta
      23 9.118760e+01 # mz
      25 1.250000e+02 # mh
      9000006 scan1:[50.0, 75.0, 100.0, 125.0, 50.0, 75.0, 100.0, 125.0, 150.0, 50.0, 75.0, 100.0, 125.0, 150.0, 175.0, 50.0, 75.0, 100.0, 125.0, 150.0, 175.0, 200.0, 50.0, 75.0, 100.0, 125.0, 150.0, 175.0, 200.0, 225.0, 50.0, 75.0, 100.0, 125.0, 150.0, 175.0, 200.0, 225.0, 250.0, 50.0, 75.0, 100.0, 125.0, 150.0, 175.0, 200.0, 225.0, 250.0, 275.0, 50.0, 75.0, 100.0, 125.0, 150.0, 175.0, 200.0, 225.0, 250.0, 275.0, 300.0, 50.0, 75.0, 100.0, 125.0, 150.0, 175.0, 200.0, 225.0, 250.0, 275.0, 300.0, 325.0, 50.0, 75.0, 100.0, 125.0, 150.0, 175.0, 200.0, 225.0, 250.0, 275.0, 300.0, 325.0, 350.0, 50.0, 75.0, 100.0, 125.0, 150.0, 175.0, 200.0, 225.0, 250.0, 275.0, 300.0, 325.0, 350.0, 375.0, 50.0, 75.0, 100.0, 125.0, 150.0, 175.0, 200.0, 225.0, 250.0, 275.0, 300.0, 325.0, 350.0, 375.0, 400.0, 50.0, 75.0, 100.0, 125.0, 150.0, 175.0, 200.0, 225.0, 250.0, 275.0, 300.0, 325.0, 350.0, 375.0, 400.0, 425.0, 50.0, 75.0, 100.0, 125.0, 150.0, 175.0, 200.0, 225.0, 250.0, 275.0, 300.0, 325.0, 350.0, 375.0, 400.0, 425.0, 450.0, 50.0, 75.0, 100.0, 125.0, 150.0, 175.0, 200.0, 225.0, 250.0, 275.0, 300.0, 325.0, 350.0, 375.0, 400.0, 425.0, 450.0, 475.0, 50.0, 75.0, 100.0, 125.0, 150.0, 175.0, 200.0, 225.0, 250.0, 275.0, 300.0, 325.0, 350.0, 375.0, 400.0, 425.0, 450.0, 475.0, 500.0, 50.0, 75.0, 100.0, 125.0, 150.0, 175.0, 200.0, 225.0, 250.0, 275.0, 300.0, 325.0, 350.0, 375.0, 400.0, 425.0, 450.0, 475.0, 500.0, 525.0, 50.0, 75.0, 100.0, 125.0, 150.0, 175.0, 200.0, 225.0, 250.0, 275.0, 300.0, 325.0, 350.0, 375.0, 400.0, 425.0, 450.0, 475.0, 500.0, 525.0, 550.0, 50.0, 75.0, 100.0, 125.0, 150.0, 175.0, 200.0, 225.0, 250.0, 275.0, 300.0, 325.0, 350.0, 375.0, 400.0, 425.0, 450.0, 475.0, 500.0, 525.0, 550.0, 575.0, 50.0, 75.0, 100.0, 125.0, 150.0, 175.0, 200.0, 225.0, 250.0, 275.0, 300.0, 325.0, 350.0, 375.0, 400.0, 425.0, 450.0, 475.0, 500.0, 525.0, 550.0, 575.0, 600.0, 50.0, 75.0, 100.0, 125.0, 150.0, 175.0, 200.0, 225.0, 250.0, 275.0, 300.0, 325.0, 350.0, 375.0, 400.0, 425.0, 450.0, 475.0, 500.0, 525.0, 550.0, 575.0, 600.0, 625.0, 50.0, 75.0, 100.0, 125.0, 150.0, 175.0, 200.0, 225.0, 250.0, 275.0, 300.0, 325.0, 350.0, 375.0, 400.0, 425.0, 450.0, 475.0, 500.0, 525.0, 550.0, 575.0, 600.0, 625.0, 650.0, 50.0, 75.0, 100.0, 125.0, 150.0, 175.0, 200.0, 225.0, 250.0, 275.0, 300.0, 325.0, 350.0, 375.0, 400.0, 425.0, 450.0, 475.0, 500.0, 525.0, 550.0, 575.0, 600.0, 625.0, 650.0, 675.0, 50.0, 75.0, 100.0, 125.0, 150.0, 175.0, 200.0, 225.0, 250.0, 275.0, 300.0, 325.0, 350.0, 375.0, 400.0, 425.0, 450.0, 475.0, 500.0, 525.0, 550.0, 575.0, 600.0, 625.0, 650.0, 675.0, 50.0, 75.0, 100.0, 125.0, 150.0, 175.0, 200.0, 225.0, 250.0, 275.0, 300.0, 325.0, 350.0, 375.0, 400.0, 425.0, 450.0, 475.0, 500.0, 525.0, 550.0, 575.0, 600.0, 625.0, 650.0, 675.0, 50.0, 75.0, 100.0, 125.0, 150.0, 175.0, 200.0, 225.0, 250.0, 275.0, 300.0, 325.0, 350.0, 375.0, 400.0, 425.0, 450.0, 475.0, 500.0, 525.0, 550.0, 575.0, 600.0, 625.0, 650.0, 675.0, 50.0, 75.0, 100.0, 125.0, 150.0, 175.0, 200.0, 225.0, 250.0, 275.0, 300.0, 325.0, 350.0, 375.0, 400.0, 425.0, 450.0, 475.0, 500.0, 525.0, 550.0, 575.0, 600.0, 625.0, 650.0, 675.0, 50.0, 75.0, 100.0, 125.0, 150.0, 175.0, 200.0, 225.0, 250.0, 275.0, 300.0, 325.0, 350.0, 375.0, 400.0, 425.0, 450.0, 475.0, 500.0, 525.0, 550.0, 575.0, 600.0, 625.0, 650.0, 675.0, 50.0, 75.0, 100.0, 125.0, 150.0, 175.0, 200.0, 225.0, 250.0, 275.0, 300.0, 325.0, 350.0, 375.0, 400.0, 425.0, 450.0, 475.0, 500.0, 525.0, 550.0, 575.0, 600.0, 625.0, 650.0, 675.0, 50.0, 75.0, 100.0, 125.0, 150.0, 175.0, 200.0, 225.0, 250.0, 275.0, 300.0, 325.0, 350.0, 375.0, 400.0, 425.0, 450.0, 475.0, 500.0, 525.0, 550.0, 575.0, 600.0, 625.0, 650.0, 675.0, 50.0, 75.0, 100.0, 125.0, 150.0, 175.0, 200.0, 225.0, 250.0, 275.0, 300.0, 325.0, 350.0, 375.0, 400.0, 425.0, 450.0, 475.0, 500.0, 525.0, 550.0, 575.0, 600.0, 625.0, 650.0, 675.0, 50.0, 75.0, 100.0, 125.0, 150.0, 175.0, 200.0, 225.0, 250.0, 275.0, 300.0, 325.0, 350.0, 375.0, 400.0, 425.0, 450.0, 475.0, 500.0, 525.0, 550.0, 575.0, 600.0, 625.0, 650.0, 675.0, 50.0, 75.0, 100.0, 125.0, 150.0, 175.0, 200.0, 225.0, 250.0, 275.0, 300.0, 325.0, 350.0, 375.0, 400.0, 425.0, 450.0, 475.0, 500.0, 525.0, 550.0, 575.0, 600.0, 625.0, 650.0, 675.0, 50.0, 75.0, 100.0, 125.0, 150.0, 175.0, 200.0, 225.0, 250.0, 275.0, 300.0, 325.0, 350.0, 375.0, 400.0, 425.0, 450.0, 475.0, 500.0, 525.0, 550.0, 575.0, 600.0, 625.0, 650.0, 675.0, 50.0, 75.0, 100.0, 125.0, 150.0, 175.0, 200.0, 225.0, 250.0, 275.0, 300.0, 325.0, 350.0, 375.0, 400.0, 425.0, 450.0, 475.0, 500.0, 525.0, 550.0, 575.0, 600.0, 625.0, 650.0, 675.0]
 # mchi
      9900026 scan1:[150.0, 162.5, 175.0, 187.5, 175.0, 187.5, 200.0, 212.5, 225.0, 200.0, 212.5, 225.0, 237.5, 250.0, 262.5, 225.0, 237.5, 250.0, 262.5, 275.0, 287.5, 300.0, 250.0, 262.5, 275.0, 287.5, 300.0, 312.5, 325.0, 337.5, 275.0, 287.5, 300.0, 312.5, 325.0, 337.5, 350.0, 362.5, 375.0, 300.0, 312.5, 325.0, 337.5, 350.0, 362.5, 375.0, 387.5, 400.0, 412.5, 325.0, 337.5, 350.0, 362.5, 375.0, 387.5, 400.0, 412.5, 425.0, 437.5, 450.0, 350.0, 362.5, 375.0, 387.5, 400.0, 412.5, 425.0, 437.5, 450.0, 462.5, 475.0, 487.5, 375.0, 387.5, 400.0, 412.5, 425.0, 437.5, 450.0, 462.5, 475.0, 487.5, 500.0, 512.5, 525.0, 400.0, 412.5, 425.0, 437.5, 450.0, 462.5, 475.0, 487.5, 500.0, 512.5, 525.0, 537.5, 550.0, 562.5, 425.0, 437.5, 450.0, 462.5, 475.0, 487.5, 500.0, 512.5, 525.0, 537.5, 550.0, 562.5, 575.0, 587.5, 600.0, 450.0, 462.5, 475.0, 487.5, 500.0, 512.5, 525.0, 537.5, 550.0, 562.5, 575.0, 587.5, 600.0, 612.5, 625.0, 637.5, 475.0, 487.5, 500.0, 512.5, 525.0, 537.5, 550.0, 562.5, 575.0, 587.5, 600.0, 612.5, 625.0, 637.5, 650.0, 662.5, 675.0, 500.0, 512.5, 525.0, 537.5, 550.0, 562.5, 575.0, 587.5, 600.0, 612.5, 625.0, 637.5, 650.0, 662.5, 675.0, 687.5, 700.0, 712.5, 525.0, 537.5, 550.0, 562.5, 575.0, 587.5, 600.0, 612.5, 625.0, 637.5, 650.0, 662.5, 675.0, 687.5, 700.0, 712.5, 725.0, 737.5, 750.0, 550.0, 562.5, 575.0, 587.5, 600.0, 612.5, 625.0, 637.5, 650.0, 662.5, 675.0, 687.5, 700.0, 712.5, 725.0, 737.5, 750.0, 762.5, 775.0, 787.5, 575.0, 587.5, 600.0, 612.5, 625.0, 637.5, 650.0, 662.5, 675.0, 687.5, 700.0, 712.5, 725.0, 737.5, 750.0, 762.5, 775.0, 787.5, 800.0, 812.5, 825.0, 600.0, 612.5, 625.0, 637.5, 650.0, 662.5, 675.0, 687.5, 700.0, 712.5, 725.0, 737.5, 750.0, 762.5, 775.0, 787.5, 800.0, 812.5, 825.0, 837.5, 850.0, 862.5, 625.0, 637.5, 650.0, 662.5, 675.0, 687.5, 700.0, 712.5, 725.0, 737.5, 750.0, 762.5, 775.0, 787.5, 800.0, 812.5, 825.0, 837.5, 850.0, 862.5, 875.0, 887.5, 900.0, 650.0, 662.5, 675.0, 687.5, 700.0, 712.5, 725.0, 737.5, 750.0, 762.5, 775.0, 787.5, 800.0, 812.5, 825.0, 837.5, 850.0, 862.5, 875.0, 887.5, 900.0, 912.5, 925.0, 937.5, 675.0, 687.5, 700.0, 712.5, 725.0, 737.5, 750.0, 762.5, 775.0, 787.5, 800.0, 812.5, 825.0, 837.5, 850.0, 862.5, 875.0, 887.5, 900.0, 912.5, 925.0, 937.5, 950.0, 962.5, 975.0, 700.0, 712.5, 725.0, 737.5, 750.0, 762.5, 775.0, 787.5, 800.0, 812.5, 825.0, 837.5, 850.0, 862.5, 875.0, 887.5, 900.0, 912.5, 925.0, 937.5, 950.0, 962.5, 975.0, 987.5, 1000.0, 1012.5, 725.0, 737.5, 750.0, 762.5, 775.0, 787.5, 800.0, 812.5, 825.0, 837.5, 850.0, 862.5, 875.0, 887.5, 900.0, 912.5, 925.0, 937.5, 950.0, 962.5, 975.0, 987.5, 1000.0, 1012.5, 1025.0, 1037.5, 750.0, 762.5, 775.0, 787.5, 800.0, 812.5, 825.0, 837.5, 850.0, 862.5, 875.0, 887.5, 900.0, 912.5, 925.0, 937.5, 950.0, 962.5, 975.0, 987.5, 1000.0, 1012.5, 1025.0, 1037.5, 1050.0, 1062.5, 775.0, 787.5, 800.0, 812.5, 825.0, 837.5, 850.0, 862.5, 875.0, 887.5, 900.0, 912.5, 925.0, 937.5, 950.0, 962.5, 975.0, 987.5, 1000.0, 1012.5, 1025.0, 1037.5, 1050.0, 1062.5, 1075.0, 1087.5, 800.0, 812.5, 825.0, 837.5, 850.0, 862.5, 875.0, 887.5, 900.0, 912.5, 925.0, 937.5, 950.0, 962.5, 975.0, 987.5, 1000.0, 1012.5, 1025.0, 1037.5, 1050.0, 1062.5, 1075.0, 1087.5, 1100.0, 1112.5, 825.0, 837.5, 850.0, 862.5, 875.0, 887.5, 900.0, 912.5, 925.0, 937.5, 950.0, 962.5, 975.0, 987.5, 1000.0, 1012.5, 1025.0, 1037.5, 1050.0, 1062.5, 1075.0, 1087.5, 1100.0, 1112.5, 1125.0, 1137.5, 850.0, 862.5, 875.0, 887.5, 900.0, 912.5, 925.0, 937.5, 950.0, 962.5, 975.0, 987.5, 1000.0, 1012.5, 1025.0, 1037.5, 1050.0, 1062.5, 1075.0, 1087.5, 1100.0, 1112.5, 1125.0, 1137.5, 1150.0, 1162.5, 875.0, 887.5, 900.0, 912.5, 925.0, 937.5, 950.0, 962.5, 975.0, 987.5, 1000.0, 1012.5, 1025.0, 1037.5, 1050.0, 1062.5, 1075.0, 1087.5, 1100.0, 1112.5, 1125.0, 1137.5, 1150.0, 1162.5, 1175.0, 1187.5, 900.0, 912.5, 925.0, 937.5, 950.0, 962.5, 975.0, 987.5, 1000.0, 1012.5, 1025.0, 1037.5, 1050.0, 1062.5, 1075.0, 1087.5, 1100.0, 1112.5, 1125.0, 1137.5, 1150.0, 1162.5, 1175.0, 1187.5, 1200.0, 1212.5, 925.0, 937.5, 950.0, 962.5, 975.0, 987.5, 1000.0, 1012.5, 1025.0, 1037.5, 1050.0, 1062.5, 1075.0, 1087.5, 1100.0, 1112.5, 1125.0, 1137.5, 1150.0, 1162.5, 1175.0, 1187.5, 1200.0, 1212.5, 1225.0, 1237.5, 950.0, 962.5, 975.0, 987.5, 1000.0, 1012.5, 1025.0, 1037.5, 1050.0, 1062.5, 1075.0, 1087.5, 1100.0, 1112.5, 1125.0, 1137.5, 1150.0, 1162.5, 1175.0, 1187.5, 1200.0, 1212.5, 1225.0, 1237.5, 1250.0, 1262.5, 975.0, 987.5, 1000.0, 1012.5, 1025.0, 1037.5, 1050.0, 1062.5, 1075.0, 1087.5, 1100.0, 1112.5, 1125.0, 1137.5, 1150.0, 1162.5, 1175.0, 1187.5, 1200.0, 1212.5, 1225.0, 1237.5, 1250.0, 1262.5, 1275.0, 1287.5, 1000.0, 1012.5, 1025.0, 1037.5, 1050.0, 1062.5, 1075.0, 1087.5, 1100.0, 1112.5, 1125.0, 1137.5, 1150.0, 1162.5, 1175.0, 1187.5, 1200.0, 1212.5, 1225.0, 1237.5, 1250.0, 1262.5, 1275.0, 1287.5, 1300.0, 1312.5]
 # msd
      9900032 scan1:[250.0, 250.0, 250.0, 250.0, 300.0, 300.0, 300.0, 300.0, 300.0, 350.0, 350.0, 350.0, 350.0, 350.0, 350.0, 400.0, 400.0, 400.0, 400.0, 400.0, 400.0, 400.0, 450.0, 450.0, 450.0, 450.0, 450.0, 450.0, 450.0, 450.0, 500.0, 500.0, 500.0, 500.0, 500.0, 500.0, 500.0, 500.0, 500.0, 550.0, 550.0, 550.0, 550.0, 550.0, 550.0, 550.0, 550.0, 550.0, 550.0, 600.0, 600.0, 600.0, 600.0, 600.0, 600.0, 600.0, 600.0, 600.0, 600.0, 600.0, 650.0, 650.0, 650.0, 650.0, 650.0, 650.0, 650.0, 650.0, 650.0, 650.0, 650.0, 650.0, 700.0, 700.0, 700.0, 700.0, 700.0, 700.0, 700.0, 700.0, 700.0, 700.0, 700.0, 700.0, 700.0, 750.0, 750.0, 750.0, 750.0, 750.0, 750.0, 750.0, 750.0, 750.0, 750.0, 750.0, 750.0, 750.0, 750.0, 800.0, 800.0, 800.0, 800.0, 800.0, 800.0, 800.0, 800.0, 800.0, 800.0, 800.0, 800.0, 800.0, 800.0, 800.0, 850.0, 850.0, 850.0, 850.0, 850.0, 850.0, 850.0, 850.0, 850.0, 850.0, 850.0, 850.0, 850.0, 850.0, 850.0, 850.0, 900.0, 900.0, 900.0, 900.0, 900.0, 900.0, 900.0, 900.0, 900.0, 900.0, 900.0, 900.0, 900.0, 900.0, 900.0, 900.0, 900.0, 950.0, 950.0, 950.0, 950.0, 950.0, 950.0, 950.0, 950.0, 950.0, 950.0, 950.0, 950.0, 950.0, 950.0, 950.0, 950.0, 950.0, 950.0, 1000.0, 1000.0, 1000.0, 1000.0, 1000.0, 1000.0, 1000.0, 1000.0, 1000.0, 1000.0, 1000.0, 1000.0, 1000.0, 1000.0, 1000.0, 1000.0, 1000.0, 1000.0, 1000.0, 1050.0, 1050.0, 1050.0, 1050.0, 1050.0, 1050.0, 1050.0, 1050.0, 1050.0, 1050.0, 1050.0, 1050.0, 1050.0, 1050.0, 1050.0, 1050.0, 1050.0, 1050.0, 1050.0, 1050.0, 1100.0, 1100.0, 1100.0, 1100.0, 1100.0, 1100.0, 1100.0, 1100.0, 1100.0, 1100.0, 1100.0, 1100.0, 1100.0, 1100.0, 1100.0, 1100.0, 1100.0, 1100.0, 1100.0, 1100.0, 1100.0, 1150.0, 1150.0, 1150.0, 1150.0, 1150.0, 1150.0, 1150.0, 1150.0, 1150.0, 1150.0, 1150.0, 1150.0, 1150.0, 1150.0, 1150.0, 1150.0, 1150.0, 1150.0, 1150.0, 1150.0, 1150.0, 1150.0, 1200.0, 1200.0, 1200.0, 1200.0, 1200.0, 1200.0, 1200.0, 1200.0, 1200.0, 1200.0, 1200.0, 1200.0, 1200.0, 1200.0, 1200.0, 1200.0, 1200.0, 1200.0, 1200.0, 1200.0, 1200.0, 1200.0, 1200.0, 1250.0, 1250.0, 1250.0, 1250.0, 1250.0, 1250.0, 1250.0, 1250.0, 1250.0, 1250.0, 1250.0, 1250.0, 1250.0, 1250.0, 1250.0, 1250.0, 1250.0, 1250.0, 1250.0, 1250.0, 1250.0, 1250.0, 1250.0, 1250.0, 1300.0, 1300.0, 1300.0, 1300.0, 1300.0, 1300.0, 1300.0, 1300.0, 1300.0, 1300.0, 1300.0, 1300.0, 1300.0, 1300.0, 1300.0, 1300.0, 1300.0, 1300.0, 1300.0, 1300.0, 1300.0, 1300.0, 1300.0, 1300.0, 1300.0, 1350.0, 1350.0, 1350.0, 1350.0, 1350.0, 1350.0, 1350.0, 1350.0, 1350.0, 1350.0, 1350.0, 1350.0, 1350.0, 1350.0, 1350.0, 1350.0, 1350.0, 1350.0, 1350.0, 1350.0, 1350.0, 1350.0, 1350.0, 1350.0, 1350.0, 1350.0, 1400.0, 1400.0, 1400.0, 1400.0, 1400.0, 1400.0, 1400.0, 1400.0, 1400.0, 1400.0, 1400.0, 1400.0, 1400.0, 1400.0, 1400.0, 1400.0, 1400.0, 1400.0, 1400.0, 1400.0, 1400.0, 1400.0, 1400.0, 1400.0, 1400.0, 1400.0, 1450.0, 1450.0, 1450.0, 1450.0, 1450.0, 1450.0, 1450.0, 1450.0, 1450.0, 1450.0, 1450.0, 1450.0, 1450.0, 1450.0, 1450.0, 1450.0, 1450.0, 1450.0, 1450.0, 1450.0, 1450.0, 1450.0, 1450.0, 1450.0, 1450.0, 1450.0, 1500.0, 1500.0, 1500.0, 1500.0, 1500.0, 1500.0, 1500.0, 1500.0, 1500.0, 1500.0, 1500.0, 1500.0, 1500.0, 1500.0, 1500.0, 1500.0, 1500.0, 1500.0, 1500.0, 1500.0, 1500.0, 1500.0, 1500.0, 1500.0, 1500.0, 1500.0, 1550.0, 1550.0, 1550.0, 1550.0, 1550.0, 1550.0, 1550.0, 1550.0, 1550.0, 1550.0, 1550.0, 1550.0, 1550.0, 1550.0, 1550.0, 1550.0, 1550.0, 1550.0, 1550.0, 1550.0, 1550.0, 1550.0, 1550.0, 1550.0, 1550.0, 1550.0, 1600.0, 1600.0, 1600.0, 1600.0, 1600.0, 1600.0, 1600.0, 1600.0, 1600.0, 1600.0, 1600.0, 1600.0, 1600.0, 1600.0, 1600.0, 1600.0, 1600.0, 1600.0, 1600.0, 1600.0, 1600.0, 1600.0, 1600.0, 1600.0, 1600.0, 1600.0, 1650.0, 1650.0, 1650.0, 1650.0, 1650.0, 1650.0, 1650.0, 1650.0, 1650.0, 1650.0, 1650.0, 1650.0, 1650.0, 1650.0, 1650.0, 1650.0, 1650.0, 1650.0, 1650.0, 1650.0, 1650.0, 1650.0, 1650.0, 1650.0, 1650.0, 1650.0, 1700.0, 1700.0, 1700.0, 1700.0, 1700.0, 1700.0, 1700.0, 1700.0, 1700.0, 1700.0, 1700.0, 1700.0, 1700.0, 1700.0, 1700.0, 1700.0, 1700.0, 1700.0, 1700.0, 1700.0, 1700.0, 1700.0, 1700.0, 1700.0, 1700.0, 1700.0, 1750.0, 1750.0, 1750.0, 1750.0, 1750.0, 1750.0, 1750.0, 1750.0, 1750.0, 1750.0, 1750.0, 1750.0, 1750.0, 1750.0, 1750.0, 1750.0, 1750.0, 1750.0, 1750.0, 1750.0, 1750.0, 1750.0, 1750.0, 1750.0, 1750.0, 1750.0, 1800.0, 1800.0, 1800.0, 1800.0, 1800.0, 1800.0, 1800.0, 1800.0, 1800.0, 1800.0, 1800.0, 1800.0, 1800.0, 1800.0, 1800.0, 1800.0, 1800.0, 1800.0, 1800.0, 1800.0, 1800.0, 1800.0, 1800.0, 1800.0, 1800.0, 1800.0, 1850.0, 1850.0, 1850.0, 1850.0, 1850.0, 1850.0, 1850.0, 1850.0, 1850.0, 1850.0, 1850.0, 1850.0, 1850.0, 1850.0, 1850.0, 1850.0, 1850.0, 1850.0, 1850.0, 1850.0, 1850.0, 1850.0, 1850.0, 1850.0, 1850.0, 1850.0, 1900.0, 1900.0, 1900.0, 1900.0, 1900.0, 1900.0, 1900.0, 1900.0, 1900.0, 1900.0, 1900.0, 1900.0, 1900.0, 1900.0, 1900.0, 1900.0, 1900.0, 1900.0, 1900.0, 1900.0, 1900.0, 1900.0, 1900.0, 1900.0, 1900.0, 1900.0, 1950.0, 1950.0, 1950.0, 1950.0, 1950.0, 1950.0, 1950.0, 1950.0, 1950.0, 1950.0, 1950.0, 1950.0, 1950.0, 1950.0, 1950.0, 1950.0, 1950.0, 1950.0, 1950.0, 1950.0, 1950.0, 1950.0, 1950.0, 1950.0, 1950.0, 1950.0] # mzp
      999000006 7.000000e+01 # sdmm
      999000007 1.000000e+10 # mfsdm
      999000009 7.000000e+01 # vdmm
      999000010 1.000000e+10 # mfvdm
      11 0.000000e+00 # e- : 0.0
      12 0.000000e+00 # ve : 0.0
      13 0.000000e+00 # mu- : 0.0
      14 0.000000e+00 # vm : 0.0
      16 0.000000e+00 # vt : 0.0
      21 0.000000e+00 # g : 0.0
      22 0.000000e+00 # a : 0.0
      24 7.982436e+01 # w+ : cmath.sqrt(mz__exp__2/2. + cmath.sqrt(mz__exp__4/4. - (aew*cmath.pi*mz__exp__2)/(gf*sqrt__2)))
      9000002 9.118760e+01 # ghz : mz
      9000003 7.982436e+01 # ghwp : mw
      9000004 7.982436e+01 # ghwm : mw
      9000005 1.500000e+03 # ghzp : mzp
###################################
## INFORMATION FOR NPINPUTS
###################################
Block npinputs 
    1 1.000000e+00 # gZp 
    2 2.500000e-01 # Sa 
    3 1.400000e+00 # gchi 
    4 0.000000e+00 # gqV 
    5 2.500000e-01 # gqA 
    6 1.500000e+00 # ychi 
    7 0.000000e+00 # Se 

###################################
## INFORMATION FOR SMINPUTS
###################################
BLOCK SMINPUTS # 
      1 1.279000e+02 # aewm1
      2 1.166370e-05 # gf
      3 1.184000e-01 # as (note that parameter not used if you use a pdf set)
###################################
## INFORMATION FOR YUKAWA
###################################
BLOCK YUKAWA # 
      6 1.720000e+02 # ymt
      15 1.777000e+00 # ymtau
###################################
## INFORMATION FOR DECAY
###################################
DECAY   6 1.508336e+00 # WT 
DECAY  23 2.495200e+00 # WZ 
DECAY  24 2.085000e+00 # WW 
DECAY  25 4.070000e-03 # Wh 
DECAY 9000006 0.000000e+00 # Wchi 
DECAY 9900026 1.000000e+01 # WSd 
DECAY 9900032 3.579881e+01 # WZp 
#  BR             NDA  ID1    ID2   ...
   2.761430e-01   2    52  -52 # 9.885590880794126
   1.250386e-01   2    5  -5 # 4.4762327744595565
   1.250386e-01   2    4  -4 # 4.4762327744595565
   1.250386e-01   2    3  -3 # 4.4762327744595565
   1.250386e-01   2    2  -2 # 4.4762327744595565
   1.250386e-01   2    1  -1 # 4.4762327744595565
   9.866412e-02   2    6  -6 # 3.532058535350286
DECAY 999000006 0.000000e+00 # Wsdm 
DECAY 999000007 0.000000e+00 # WFsdm 
DECAY 999000009 0.000000e+00 # Wvdm 
DECAY 999000010 0.000000e+00 # WFvdm 
## Dependent parameters, given by model restrictions.
## Those values should be edited following the 
## analytical expression. MG5 ignores those values 
## but they are important for interfacing the output of MG5
## to external program such as Pythia.
DECAY  1 0.000000e+00 # d : 0.0 
DECAY  2 0.000000e+00 # u : 0.0 
DECAY  3 0.000000e+00 # s : 0.0 
DECAY  4 0.000000e+00 # c : 0.0 
DECAY  5 0.000000e+00 # b : 0.0 
DECAY  11 0.000000e+00 # e- : 0.0 
DECAY  12 0.000000e+00 # ve : 0.0 
DECAY  13 0.000000e+00 # mu- : 0.0 
DECAY  14 0.000000e+00 # vm : 0.0 
DECAY  15 0.000000e+00 # ta- : 0.0 
DECAY  16 0.000000e+00 # vt : 0.0 
DECAY  21 0.000000e+00 # g : 0.0 
DECAY  22 0.000000e+00 # a : 0.0 
DECAY  9000002 2.495200e+00 # ghz : WZ 
DECAY  9000003 2.085000e+00 # ghwp : WW 
DECAY  9000004 2.085000e+00 # ghwm : WW 
DECAY  9000005 8.000000e+01 # ghzp : WZp 
#===========================================================
# QUANTUM NUMBERS OF NEW STATE(S) (NON SM PDG CODE)
#===========================================================

Block QNUMBERS 9000001  # gha 
        1 0  # 3 times electric charge
        2 1  # number of spin states (2S+1)
        3 1  # colour rep (1: singlet, 3: triplet, 8: octet)
        4 1  # Particle/Antiparticle distinction (0=own anti)
Block QNUMBERS 9000002  # ghz 
        1 0  # 3 times electric charge
        2 1  # number of spin states (2S+1)
        3 1  # colour rep (1: singlet, 3: triplet, 8: octet)
        4 1  # Particle/Antiparticle distinction (0=own anti)
Block QNUMBERS 9000003  # ghwp 
        1 3  # 3 times electric charge
        2 1  # number of spin states (2S+1)
        3 1  # colour rep (1: singlet, 3: triplet, 8: octet)
        4 1  # Particle/Antiparticle distinction (0=own anti)
Block QNUMBERS 9000004  # ghwm 
        1 -3  # 3 times electric charge
        2 1  # number of spin states (2S+1)
        3 1  # colour rep (1: singlet, 3: triplet, 8: octet)
        4 1  # Particle/Antiparticle distinction (0=own anti)
Block QNUMBERS 82  # ghg 
        1 0  # 3 times electric charge
        2 1  # number of spin states (2S+1)
        3 8  # colour rep (1: singlet, 3: triplet, 8: octet)
        4 1  # Particle/Antiparticle distinction (0=own anti)
Block QNUMBERS 9900032  # zp 
        1 0  # 3 times electric charge
        2 3  # number of spin states (2S+1)
        3 1  # colour rep (1: singlet, 3: triplet, 8: octet)
        4 0  # Particle/Antiparticle distinction (0=own anti)
Block QNUMBERS 9000005  # ghzp 
        1 0  # 3 times electric charge
        2 1  # number of spin states (2S+1)
        3 1  # colour rep (1: singlet, 3: triplet, 8: octet)
        4 1  # Particle/Antiparticle distinction (0=own anti)
Block QNUMBERS 9900026  # sd 
        1 0  # 3 times electric charge
        2 1  # number of spin states (2S+1)
        3 1  # colour rep (1: singlet, 3: triplet, 8: octet)
        4 0  # Particle/Antiparticle distinction (0=own anti)
Block QNUMBERS 9000006  # chi 
        1 0  # 3 times electric charge
        2 2  # number of spin states (2S+1)
        3 1  # colour rep (1: singlet, 3: triplet, 8: octet)
        4 0  # Particle/Antiparticle distinction (0=own anti)
Block QNUMBERS 999000006  # ~sdm 
        1 0  # 3 times electric charge
        2 1  # number of spin states (2S+1)
        3 1  # colour rep (1: singlet, 3: triplet, 8: octet)
        4 0  # Particle/Antiparticle distinction (0=own anti)
Block QNUMBERS 999000007  # fsdm 
        1 0  # 3 times electric charge
        2 1  # number of spin states (2S+1)
        3 1  # colour rep (1: singlet, 3: triplet, 8: octet)
        4 0  # Particle/Antiparticle distinction (0=own anti)
Block QNUMBERS 999000009  # ~vdm 
        1 0  # 3 times electric charge
        2 3  # number of spin states (2S+1)
        3 1  # colour rep (1: singlet, 3: triplet, 8: octet)
        4 0  # Particle/Antiparticle distinction (0=own anti)
Block QNUMBERS 999000010  # fvdm 
        1 0  # 3 times electric charge
        2 3  # number of spin states (2S+1)
        3 1  # colour rep (1: singlet, 3: triplet, 8: octet)
        4 0  # Particle/Antiparticle distinction (0=own anti)
